NAME : single
TYPE : ATSP
DIMENSION : 12
EDGE_WEIGHT_TYPE : EXPLICIT
EDGE_WEIGHT_FORMAT : FULL_MATRIX
EDGE_WEIGHT_SECTION
0 768 829 825 638 571 371 208 180 206 80 243 
0 0 280 69 296 348 498 583 566 592 534 596 
0 280 0 249 342 393 532 670 663 682 638 686 
0 69 249 0 337 389 526 600 584 611 564 684 
0 296 342 337 0 201 257 271 264 289 234 326 
0 348 393 389 201 0 140 217 267 242 173 280 
0 498 532 526 257 140 0 111 127 291 277 213 
0 583 670 600 271 217 111 0 93 275 288 247 
0 566 663 584 264 267 127 93 0 181 194 258 
0 592 682 611 289 242 291 275 181 0 85 77 
0 534 638 564 234 173 277 288 194 85 0 122 
0 596 686 684 326 280 213 247 258 77 122 0 
EOF